close,high,low,open,time,volume,timestamp
0.008,0.008,0.008,0.008,1764547200,,2025-12-01 00:00:00+00:00
0.008,0.008,0.008,0.008,1764550800,,2025-12-01 01:00:00+00:00
0.008,0.008,0.008,0.008,1764554400,,2025-12-01 02:00:00+00:00
0.008,0.008,0.008,0.008,1764558000,,2025-12-01 03:00:00+00:00
0.01,0.033,0.008,0.008,1764561600,,2025-12-01 04:00:00+00:00
0.035,0.035,0.01,0.01,1764565200,,2025-12-01 05:00:00+00:00
0.03,0.035,0.03,0.035,1764568800,,2025-12-01 06:00:00+00:00
0.03,0.03,0.03,0.03,1764572400,,2025-12-01 07:00:00+00:00
0.02,0.03,0.02,0.03,1764576000,,2025-12-01 08:00:00+00:00
0.02,0.02,0.02,0.02,1764579600,,2025-12-01 09:00:00+00:00
0.02,0.02,0.02,0.02,1764583200,,2025-12-01 10:00:00+00:00
0.02,0.02,0.02,0.02,1764586800,,2025-12-01 11:00:00+00:00
0.02,0.02,0.02,0.02,1764590400,,2025-12-01 12:00:00+00:00
0.02,0.02,0.02,0.02,1764594000,,2025-12-01 13:00:00+00:00
0.02,0.02,0.02,0.02,1764597600,,2025-12-01 14:00:00+00:00
0.071,0.071,0.02,0.02,1764601200,,2025-12-01 15:00:00+00:00
0.071,0.071,0.071,0.071,1764604800,,2025-12-01 16:00:00+00:00
0.072,0.072,0.071,0.071,1764608400,,2025-12-01 17:00:00+00:00
0.072,0.072,0.072,0.072,1764612000,,2025-12-01 18:00:00+00:00
0.072,0.072,0.072,0.072,1764615600,,2025-12-01 19:00:00+00:00
0.072,0.072,0.072,0.072,1764619200,,2025-12-01 20:00:00+00:00
0.062,0.072,0.062,0.072,1764622800,,2025-12-01 21:00:00+00:00
0.062,0.062,0.062,0.062,1764626400,,2025-12-01 22:00:00+00:00
0.062,0.062,0.062,0.062,1764630000,,2025-12-01 23:00:00+00:00
0.062,0.062,0.062,0.062,1764633600,,2025-12-02 00:00:00+00:00
0.062,0.062,0.062,0.062,1764637200,,2025-12-02 01:00:00+00:00
0.062,0.062,0.062,0.062,1764640800,,2025-12-02 02:00:00+00:00
0.062,0.062,0.062,0.062,1764644400,,2025-12-02 03:00:00+00:00
0.062,0.062,0.062,0.062,1764648000,,2025-12-02 04:00:00+00:00
0.063,0.063,0.062,0.062,1764651600,,2025-12-02 05:00:00+00:00
0.063,0.063,0.063,0.063,1764655200,,2025-12-02 06:00:00+00:00
0.063,0.063,0.063,0.063,1764658800,,2025-12-02 07:00:00+00:00
0.063,0.063,0.063,0.063,1764662400,,2025-12-02 08:00:00+00:00
0.063,0.063,0.063,0.063,1764666000,,2025-12-02 09:00:00+00:00
0.065,0.065,0.063,0.063,1764669600,,2025-12-02 10:00:00+00:00
0.065,0.065,0.065,0.065,1764673200,,2025-12-02 11:00:00+00:00
0.065,0.065,0.065,0.065,1764676800,,2025-12-02 12:00:00+00:00
0.065,0.065,0.065,0.065,1764680400,,2025-12-02 13:00:00+00:00
0.065,0.065,0.065,0.065,1764684000,,2025-12-02 14:00:00+00:00
0.057,0.065,0.057,0.065,1764687600,,2025-12-02 15:00:00+00:00
0.056,0.057,0.056,0.057,1764691200,,2025-12-02 16:00:00+00:00
0.056,0.056,0.056,0.056,1764694800,,2025-12-02 17:00:00+00:00
0.069,0.069,0.069,0.069,1764698400,,2025-12-02 18:00:00+00:00
0.069,0.069,0.069,0.069,1764702000,,2025-12-02 19:00:00+00:00
0.069,0.069,0.069,0.069,1764705600,,2025-12-02 20:00:00+00:00
0.069,0.069,0.069,0.069,1764709200,,2025-12-02 21:00:00+00:00
0.069,0.069,0.069,0.069,1764712800,,2025-12-02 22:00:00+00:00
0.069,0.069,0.069,0.069,1764716400,,2025-12-02 23:00:00+00:00
0.069,0.069,0.069,0.069,1764720000,,2025-12-03 00:00:00+00:00
0.069,0.069,0.069,0.069,1764723600,,2025-12-03 01:00:00+00:00
0.07,0.07,0.07,0.07,1764727200,,2025-12-03 02:00:00+00:00
0.02,0.07,0.02,0.07,1764730800,,2025-12-03 03:00:00+00:00
0.02,0.02,0.02,0.02,1764734400,,2025-12-03 04:00:00+00:00
0.02,0.02,0.02,0.02,1764738000,,2025-12-03 05:00:00+00:00
0.02,0.02,0.02,0.02,1764741600,,2025-12-03 06:00:00+00:00
0.02,0.02,0.02,0.02,1764745200,,2025-12-03 07:00:00+00:00
0.02,0.02,0.02,0.02,1764748800,,2025-12-03 08:00:00+00:00
0.02,0.02,0.02,0.02,1764752400,,2025-12-03 09:00:00+00:00
0.02,0.02,0.02,0.02,1764756000,,2025-12-03 10:00:00+00:00
0.02,0.02,0.02,0.02,1764759600,,2025-12-03 11:00:00+00:00
0.02,0.02,0.02,0.02,1764763200,,2025-12-03 12:00:00+00:00
0.02,0.02,0.02,0.02,1764766800,,2025-12-03 13:00:00+00:00
0.02,0.02,0.02,0.02,1764770400,,2025-12-03 14:00:00+00:00
0.02,0.02,0.02,0.02,1764774000,,2025-12-03 15:00:00+00:00
0.02,0.02,0.02,0.02,1764777600,,2025-12-03 16:00:00+00:00
0.02,0.02,0.02,0.02,1764781200,,2025-12-03 17:00:00+00:00
0.02,0.02,0.02,0.02,1764784800,,2025-12-03 18:00:00+00:00
0.02,0.02,0.02,0.02,1764788400,,2025-12-03 19:00:00+00:00
0.02,0.02,0.02,0.02,1764792000,,2025-12-03 20:00:00+00:00
0.02,0.02,0.02,0.02,1764795600,,2025-12-03 21:00:00+00:00
0.02,0.02,0.02,0.02,1764799200,,2025-12-03 22:00:00+00:00
0.02,0.02,0.02,0.02,1764802800,,2025-12-03 23:00:00+00:00
0.02,0.02,0.02,0.02,1764806400,,2025-12-04 00:00:00+00:00
0.02,0.02,0.02,0.02,1764810000,,2025-12-04 01:00:00+00:00
0.02,0.02,0.02,0.02,1764813600,,2025-12-04 02:00:00+00:00
0.02,0.02,0.02,0.02,1764817200,,2025-12-04 03:00:00+00:00
0.02,0.02,0.02,0.02,1764820800,,2025-12-04 04:00:00+00:00
0.02,0.02,0.02,0.02,1764824400,,2025-12-04 05:00:00+00:00
0.02,0.02,0.02,0.02,1764828000,,2025-12-04 06:00:00+00:00
0.02,0.02,0.02,0.02,1764831600,,2025-12-04 07:00:00+00:00
0.02,0.02,0.02,0.02,1764835200,,2025-12-04 08:00:00+00:00
0.02,0.02,0.02,0.02,1764838800,,2025-12-04 09:00:00+00:00
0.02,0.02,0.02,0.02,1764842400,,2025-12-04 10:00:00+00:00
0.02,0.02,0.02,0.02,1764846000,,2025-12-04 11:00:00+00:00
0.02,0.02,0.02,0.02,1764849600,,2025-12-04 12:00:00+00:00
0.02,0.02,0.02,0.02,1764853200,,2025-12-04 13:00:00+00:00
0.02,0.02,0.02,0.02,1764856800,,2025-12-04 14:00:00+00:00
0.02,0.02,0.02,0.02,1764860400,,2025-12-04 15:00:00+00:00
0.02,0.02,0.02,0.02,1764864000,,2025-12-04 16:00:00+00:00
0.02,0.02,0.02,0.02,1764867600,,2025-12-04 17:00:00+00:00
0.02,0.02,0.02,0.02,1764871200,,2025-12-04 18:00:00+00:00
0.02,0.02,0.02,0.02,1764874800,,2025-12-04 19:00:00+00:00
0.02,0.02,0.02,0.02,1764878400,,2025-12-04 20:00:00+00:00
0.02,0.02,0.02,0.02,1764882000,,2025-12-04 21:00:00+00:00
0.02,0.02,0.02,0.02,1764885600,,2025-12-04 22:00:00+00:00
0.02,0.02,0.02,0.02,1764889200,,2025-12-04 23:00:00+00:00
0.02,0.02,0.02,0.02,1764892800,,2025-12-05 00:00:00+00:00
0.02,0.02,0.02,0.02,1764896400,,2025-12-05 01:00:00+00:00
0.02,0.02,0.02,0.02,1764900000,,2025-12-05 02:00:00+00:00
0.02,0.02,0.02,0.02,1764903600,,2025-12-05 03:00:00+00:00
0.02,0.02,0.02,0.02,1764907200,,2025-12-05 04:00:00+00:00
0.02,0.02,0.02,0.02,1764910800,,2025-12-05 05:00:00+00:00
0.02,0.02,0.02,0.02,1764914400,,2025-12-05 06:00:00+00:00
0.02,0.02,0.02,0.02,1764918000,,2025-12-05 07:00:00+00:00
0.02,0.02,0.02,0.02,1764921600,,2025-12-05 08:00:00+00:00
0.02,0.02,0.02,0.02,1764925200,,2025-12-05 09:00:00+00:00
0.02,0.02,0.02,0.02,1764928800,,2025-12-05 10:00:00+00:00
0.02,0.02,0.02,0.02,1764932400,,2025-12-05 11:00:00+00:00
0.02,0.02,0.02,0.02,1764936000,,2025-12-05 12:00:00+00:00
0.025,0.025,0.02,0.02,1764939600,,2025-12-05 13:00:00+00:00
0.025,0.025,0.025,0.025,1764943200,,2025-12-05 14:00:00+00:00
0.02,0.02,0.02,0.02,1764946800,,2025-12-05 15:00:00+00:00
0.02,0.02,0.02,0.02,1764950400,,2025-12-05 16:00:00+00:00
0.02,0.02,0.02,0.02,1764954000,,2025-12-05 17:00:00+00:00
0.02,0.02,0.02,0.02,1764957600,,2025-12-05 18:00:00+00:00
0.02,0.02,0.02,0.02,1764961200,,2025-12-05 19:00:00+00:00
0.02,0.02,0.02,0.02,1764964800,,2025-12-05 20:00:00+00:00
0.02,0.02,0.02,0.02,1764968400,,2025-12-05 21:00:00+00:00
0.02,0.02,0.02,0.02,1764972000,,2025-12-05 22:00:00+00:00
0.02,0.02,0.02,0.02,1764975600,,2025-12-05 23:00:00+00:00
0.02,0.02,0.02,0.02,1764979200,,2025-12-06 00:00:00+00:00
0.02,0.02,0.02,0.02,1764982800,,2025-12-06 01:00:00+00:00
0.02,0.02,0.02,0.02,1764986400,,2025-12-06 02:00:00+00:00
0.02,0.02,0.02,0.02,1764990000,,2025-12-06 03:00:00+00:00
0.02,0.02,0.02,0.02,1764993600,,2025-12-06 04:00:00+00:00
0.02,0.02,0.02,0.02,1764997200,,2025-12-06 05:00:00+00:00
0.02,0.02,0.02,0.02,1765000800,,2025-12-06 06:00:00+00:00
0.02,0.02,0.02,0.02,1765004400,,2025-12-06 07:00:00+00:00
0.02,0.02,0.02,0.02,1765008000,,2025-12-06 08:00:00+00:00
0.02,0.02,0.02,0.02,1765011600,,2025-12-06 09:00:00+00:00
0.02,0.02,0.02,0.02,1765015200,,2025-12-06 10:00:00+00:00
0.02,0.02,0.02,0.02,1765018800,,2025-12-06 11:00:00+00:00
0.02,0.02,0.02,0.02,1765022400,,2025-12-06 12:00:00+00:00
0.02,0.02,0.02,0.02,1765026000,,2025-12-06 13:00:00+00:00
0.02,0.02,0.02,0.02,1765029600,,2025-12-06 14:00:00+00:00
0.02,0.02,0.02,0.02,1765033200,,2025-12-06 15:00:00+00:00
0.02,0.02,0.02,0.02,1765036800,,2025-12-06 16:00:00+00:00
0.02,0.02,0.02,0.02,1765040400,,2025-12-06 17:00:00+00:00
0.02,0.02,0.02,0.02,1765044000,,2025-12-06 18:00:00+00:00
0.02,0.02,0.02,0.02,1765047600,,2025-12-06 19:00:00+00:00
0.02,0.02,0.02,0.02,1765051200,,2025-12-06 20:00:00+00:00
0.02,0.02,0.02,0.02,1765054800,,2025-12-06 21:00:00+00:00
0.02,0.02,0.02,0.02,1765058400,,2025-12-06 22:00:00+00:00
0.02,0.02,0.02,0.02,1765062000,,2025-12-06 23:00:00+00:00
0.02,0.02,0.02,0.02,1765065600,,2025-12-07 00:00:00+00:00
0.02,0.02,0.02,0.02,1765069200,,2025-12-07 01:00:00+00:00
0.02,0.02,0.02,0.02,1765072800,,2025-12-07 02:00:00+00:00
0.02,0.02,0.02,0.02,1765076400,,2025-12-07 03:00:00+00:00
0.02,0.02,0.02,0.02,1765080000,,2025-12-07 04:00:00+00:00
0.02,0.02,0.02,0.02,1765083600,,2025-12-07 05:00:00+00:00
0.02,0.02,0.02,0.02,1765087200,,2025-12-07 06:00:00+00:00
0.02,0.02,0.02,0.02,1765090800,,2025-12-07 07:00:00+00:00
0.02,0.02,0.02,0.02,1765094400,,2025-12-07 08:00:00+00:00
0.02,0.02,0.02,0.02,1765098000,,2025-12-07 09:00:00+00:00
0.02,0.02,0.02,0.02,1765101600,,2025-12-07 10:00:00+00:00
0.02,0.02,0.02,0.02,1765105200,,2025-12-07 11:00:00+00:00
0.02,0.02,0.02,0.02,1765108800,,2025-12-07 12:00:00+00:00
0.02,0.02,0.02,0.02,1765112400,,2025-12-07 13:00:00+00:00
0.035,0.05,0.02,0.02,1765116000,,2025-12-07 14:00:00+00:00
0.035,0.035,0.035,0.035,1765119600,,2025-12-07 15:00:00+00:00
0.035,0.035,0.035,0.035,1765123200,,2025-12-07 16:00:00+00:00
0.035,0.035,0.035,0.035,1765126800,,2025-12-07 17:00:00+00:00
0.035,0.035,0.035,0.035,1765130400,,2025-12-07 18:00:00+00:00
0.035,0.035,0.035,0.035,1765134000,,2025-12-07 19:00:00+00:00
0.035,0.035,0.035,0.035,1765137600,,2025-12-07 20:00:00+00:00
0.035,0.035,0.035,0.035,1765141200,,2025-12-07 21:00:00+00:00
0.035,0.035,0.035,0.035,1765144800,,2025-12-07 22:00:00+00:00
0.035,0.035,0.035,0.035,1765148400,,2025-12-07 23:00:00+00:00
0.035,0.035,0.035,0.035,1765152000,,2025-12-08 00:00:00+00:00
0.035,0.035,0.035,0.035,1765155600,,2025-12-08 01:00:00+00:00
0.035,0.035,0.035,0.035,1765159200,,2025-12-08 02:00:00+00:00
0.035,0.035,0.035,0.035,1765162800,,2025-12-08 03:00:00+00:00
0.035,0.035,0.035,0.035,1765166400,,2025-12-08 04:00:00+00:00
0.035,0.035,0.035,0.035,1765170000,,2025-12-08 05:00:00+00:00
0.035,0.035,0.035,0.035,1765173600,,2025-12-08 06:00:00+00:00
0.035,0.035,0.035,0.035,1765177200,,2025-12-08 07:00:00+00:00
0.035,0.035,0.035,0.035,1765180800,,2025-12-08 08:00:00+00:00
0.035,0.035,0.035,0.035,1765184400,,2025-12-08 09:00:00+00:00
0.035,0.035,0.035,0.035,1765188000,,2025-12-08 10:00:00+00:00
0.035,0.035,0.035,0.035,1765191600,,2025-12-08 11:00:00+00:00
0.035,0.035,0.035,0.035,1765195200,,2025-12-08 12:00:00+00:00
0.035,0.035,0.035,0.035,1765198800,,2025-12-08 13:00:00+00:00
0.035,0.035,0.035,0.035,1765202400,,2025-12-08 14:00:00+00:00
0.035,0.035,0.035,0.035,1765206000,,2025-12-08 15:00:00+00:00
0.035,0.035,0.035,0.035,1765209600,,2025-12-08 16:00:00+00:00
0.035,0.035,0.035,0.035,1765213200,,2025-12-08 17:00:00+00:00
0.035,0.035,0.035,0.035,1765216800,,2025-12-08 18:00:00+00:00
0.035,0.035,0.035,0.035,1765220400,,2025-12-08 19:00:00+00:00
0.035,0.035,0.035,0.035,1765224000,,2025-12-08 20:00:00+00:00
0.035,0.035,0.035,0.035,1765227600,,2025-12-08 21:00:00+00:00
0.035,0.035,0.035,0.035,1765231200,,2025-12-08 22:00:00+00:00
0.035,0.035,0.035,0.035,1765234800,,2025-12-08 23:00:00+00:00
0.035,0.035,0.035,0.035,1765238400,,2025-12-09 00:00:00+00:00
0.035,0.035,0.035,0.035,1765242000,,2025-12-09 01:00:00+00:00
0.035,0.035,0.035,0.035,1765245600,,2025-12-09 02:00:00+00:00
0.035,0.035,0.035,0.035,1765249200,,2025-12-09 03:00:00+00:00
0.035,0.035,0.035,0.035,1765252800,,2025-12-09 04:00:00+00:00
0.035,0.035,0.035,0.035,1765256400,,2025-12-09 05:00:00+00:00
0.035,0.035,0.035,0.035,1765260000,,2025-12-09 06:00:00+00:00
0.035,0.035,0.035,0.035,1765263600,,2025-12-09 07:00:00+00:00
0.035,0.035,0.035,0.035,1765267200,,2025-12-09 08:00:00+00:00
0.035,0.035,0.035,0.035,1765270800,,2025-12-09 09:00:00+00:00
0.035,0.035,0.035,0.035,1765274400,,2025-12-09 10:00:00+00:00
0.035,0.035,0.035,0.035,1765278000,,2025-12-09 11:00:00+00:00
0.035,0.035,0.035,0.035,1765281600,,2025-12-09 12:00:00+00:00
0.035,0.035,0.035,0.035,1765285200,,2025-12-09 13:00:00+00:00
0.035,0.035,0.035,0.035,1765288800,,2025-12-09 14:00:00+00:00
0.035,0.035,0.035,0.035,1765292400,,2025-12-09 15:00:00+00:00
0.035,0.035,0.035,0.035,1765296000,,2025-12-09 16:00:00+00:00
0.035,0.035,0.035,0.035,1765299600,,2025-12-09 17:00:00+00:00
0.035,0.035,0.035,0.035,1765303200,,2025-12-09 18:00:00+00:00
0.035,0.035,0.035,0.035,1765306800,,2025-12-09 19:00:00+00:00
0.035,0.035,0.035,0.035,1765310400,,2025-12-09 20:00:00+00:00
0.035,0.035,0.035,0.035,1765314000,,2025-12-09 21:00:00+00:00
0.035,0.035,0.035,0.035,1765317600,,2025-12-09 22:00:00+00:00
0.035,0.035,0.035,0.035,1765321200,,2025-12-09 23:00:00+00:00
0.035,0.035,0.035,0.035,1765324800,,2025-12-10 00:00:00+00:00
0.035,0.035,0.035,0.035,1765328400,,2025-12-10 01:00:00+00:00
0.035,0.035,0.035,0.035,1765332000,,2025-12-10 02:00:00+00:00
0.035,0.035,0.035,0.035,1765335600,,2025-12-10 03:00:00+00:00
0.035,0.035,0.035,0.035,1765339200,,2025-12-10 04:00:00+00:00
0.035,0.035,0.035,0.035,1765342800,,2025-12-10 05:00:00+00:00
0.035,0.035,0.035,0.035,1765346400,,2025-12-10 06:00:00+00:00
0.035,0.035,0.035,0.035,1765350000,,2025-12-10 07:00:00+00:00
0.035,0.035,0.035,0.035,1765353600,,2025-12-10 08:00:00+00:00
0.035,0.035,0.035,0.035,1765357200,,2025-12-10 09:00:00+00:00
0.035,0.035,0.035,0.035,1765360800,,2025-12-10 10:00:00+00:00
0.035,0.035,0.035,0.035,1765364400,,2025-12-10 11:00:00+00:00
0.035,0.035,0.035,0.035,1765368000,,2025-12-10 12:00:00+00:00
0.035,0.035,0.035,0.035,1765371600,,2025-12-10 13:00:00+00:00
0.035,0.035,0.035,0.035,1765375200,,2025-12-10 14:00:00+00:00
0.035,0.035,0.035,0.035,1765378800,,2025-12-10 15:00:00+00:00
0.035,0.035,0.035,0.035,1765382400,,2025-12-10 16:00:00+00:00
0.035,0.035,0.035,0.035,1765386000,,2025-12-10 17:00:00+00:00
0.035,0.035,0.035,0.035,1765389600,,2025-12-10 18:00:00+00:00
0.035,0.035,0.035,0.035,1765393200,,2025-12-10 19:00:00+00:00
0.035,0.035,0.035,0.035,1765396800,,2025-12-10 20:00:00+00:00
0.035,0.035,0.035,0.035,1765400400,,2025-12-10 21:00:00+00:00
0.035,0.035,0.035,0.035,1765404000,,2025-12-10 22:00:00+00:00
0.035,0.035,0.035,0.035,1765407600,,2025-12-10 23:00:00+00:00
0.035,0.035,0.035,0.035,1765411200,,2025-12-11 00:00:00+00:00
0.909,0.941,0.057,0.057,1765414800,,2025-12-11 01:00:00+00:00
0.909,0.909,0.909,0.909,1765418400,,2025-12-11 02:00:00+00:00
0.925,0.925,0.909,0.909,1765422000,,2025-12-11 03:00:00+00:00
0.925,0.925,0.925,0.925,1765425600,,2025-12-11 04:00:00+00:00
0.925,0.925,0.925,0.925,1765429200,,2025-12-11 05:00:00+00:00
0.904,0.925,0.904,0.925,1765432800,,2025-12-11 06:00:00+00:00
0.89,0.904,0.889,0.904,1765436400,,2025-12-11 07:00:00+00:00
0.89,0.89,0.89,0.89,1765440000,,2025-12-11 08:00:00+00:00
0.951,0.951,0.89,0.89,1765443600,,2025-12-11 09:00:00+00:00
0.941,0.951,0.941,0.951,1765447200,,2025-12-11 10:00:00+00:00
0.88,0.941,0.88,0.941,1765450800,,2025-12-11 11:00:00+00:00
0.86,0.926,0.86,0.86,1765454400,,2025-12-11 12:00:00+00:00
0.86,0.86,0.86,0.86,1765458000,,2025-12-11 13:00:00+00:00
0.85,0.86,0.85,0.86,1765461600,,2025-12-11 14:00:00+00:00
0.85,0.85,0.85,0.85,1765465200,,2025-12-11 15:00:00+00:00
0.85,0.85,0.85,0.85,1765468800,,2025-12-11 16:00:00+00:00
0.85,0.85,0.85,0.85,1765472400,,2025-12-11 17:00:00+00:00
0.85,0.85,0.85,0.85,1765476000,,2025-12-11 18:00:00+00:00
0.85,0.85,0.85,0.85,1765479600,,2025-12-11 19:00:00+00:00
0.85,0.85,0.85,0.85,1765483200,,2025-12-11 20:00:00+00:00
0.032,0.84,0.032,0.84,1765486800,,2025-12-11 21:00:00+00:00
0.032,0.032,0.032,0.032,1765490400,,2025-12-11 22:00:00+00:00
0.032,0.032,0.032,0.032,1765494000,,2025-12-11 23:00:00+00:00
0.032,0.032,0.032,0.032,1765497600,,2025-12-12 00:00:00+00:00
0.032,0.032,0.032,0.032,1765501200,,2025-12-12 01:00:00+00:00
0.032,0.032,0.032,0.032,1765504800,,2025-12-12 02:00:00+00:00
0.032,0.032,0.032,0.032,1765508400,,2025-12-12 03:00:00+00:00
0.032,0.032,0.032,0.032,1765512000,,2025-12-12 04:00:00+00:00
0.032,0.032,0.032,0.032,1765515600,,2025-12-12 05:00:00+00:00
0.032,0.032,0.032,0.032,1765519200,,2025-12-12 06:00:00+00:00
0.032,0.032,0.032,0.032,1765522800,,2025-12-12 07:00:00+00:00
0.032,0.032,0.032,0.032,1765526400,,2025-12-12 08:00:00+00:00
0.032,0.032,0.032,0.032,1765530000,,2025-12-12 09:00:00+00:00
0.032,0.032,0.032,0.032,1765533600,,2025-12-12 10:00:00+00:00
0.032,0.032,0.032,0.032,1765537200,,2025-12-12 11:00:00+00:00
0.032,0.032,0.032,0.032,1765540800,,2025-12-12 12:00:00+00:00
0.032,0.032,0.032,0.032,1765544400,,2025-12-12 13:00:00+00:00
0.033,0.033,0.032,0.032,1765548000,,2025-12-12 14:00:00+00:00
0.033,0.033,0.033,0.033,1765551600,,2025-12-12 15:00:00+00:00
0.032,0.033,0.032,0.033,1765555200,,2025-12-12 16:00:00+00:00
0.032,0.032,0.032,0.032,1765558800,,2025-12-12 17:00:00+00:00
0.032,0.032,0.032,0.032,1765562400,,2025-12-12 18:00:00+00:00
0.032,0.032,0.032,0.032,1765566000,,2025-12-12 19:00:00+00:00
0.032,0.032,0.032,0.032,1765569600,,2025-12-12 20:00:00+00:00
0.032,0.032,0.032,0.032,1765573200,,2025-12-12 21:00:00+00:00
0.032,0.032,0.032,0.032,1765576800,,2025-12-12 22:00:00+00:00
0.032,0.032,0.032,0.032,1765580400,,2025-12-12 23:00:00+00:00
0.032,0.032,0.032,0.032,1765584000,,2025-12-13 00:00:00+00:00
0.032,0.032,0.032,0.032,1765587600,,2025-12-13 01:00:00+00:00
0.032,0.032,0.032,0.032,1765591200,,2025-12-13 02:00:00+00:00
0.032,0.032,0.032,0.032,1765594800,,2025-12-13 03:00:00+00:00
0.032,0.032,0.032,0.032,1765598400,,2025-12-13 04:00:00+00:00
0.032,0.032,0.032,0.032,1765602000,,2025-12-13 05:00:00+00:00
0.032,0.032,0.032,0.032,1765605600,,2025-12-13 06:00:00+00:00
0.032,0.033,0.032,0.032,1765609200,,2025-12-13 07:00:00+00:00
0.032,0.032,0.032,0.032,1765612800,,2025-12-13 08:00:00+00:00
0.032,0.032,0.032,0.032,1765616400,,2025-12-13 09:00:00+00:00
0.032,0.032,0.032,0.032,1765620000,,2025-12-13 10:00:00+00:00
0.032,0.032,0.032,0.032,1765623600,,2025-12-13 11:00:00+00:00
0.032,0.032,0.032,0.032,1765627200,,2025-12-13 12:00:00+00:00
0.032,0.032,0.032,0.032,1765630800,,2025-12-13 13:00:00+00:00
0.032,0.032,0.032,0.032,1765634400,,2025-12-13 14:00:00+00:00
0.032,0.032,0.032,0.032,1765638000,,2025-12-13 15:00:00+00:00
0.032,0.032,0.032,0.032,1765641600,,2025-12-13 16:00:00+00:00
0.032,0.032,0.032,0.032,1765645200,,2025-12-13 17:00:00+00:00
0.032,0.032,0.032,0.032,1765648800,,2025-12-13 18:00:00+00:00
0.032,0.032,0.032,0.032,1765652400,,2025-12-13 19:00:00+00:00
0.032,0.032,0.032,0.032,1765656000,,2025-12-13 20:00:00+00:00
0.032,0.032,0.032,0.032,1765659600,,2025-12-13 21:00:00+00:00
0.032,0.032,0.032,0.032,1765663200,,2025-12-13 22:00:00+00:00
0.032,0.032,0.032,0.032,1765666800,,2025-12-13 23:00:00+00:00
0.032,0.032,0.032,0.032,1765670400,,2025-12-14 00:00:00+00:00
0.032,0.032,0.032,0.032,1765674000,,2025-12-14 01:00:00+00:00
0.032,0.032,0.032,0.032,1765677600,,2025-12-14 02:00:00+00:00
0.032,0.032,0.032,0.032,1765681200,,2025-12-14 03:00:00+00:00
0.032,0.032,0.032,0.032,1765684800,,2025-12-14 04:00:00+00:00
0.032,0.032,0.032,0.032,1765688400,,2025-12-14 05:00:00+00:00
0.032,0.032,0.032,0.032,1765692000,,2025-12-14 06:00:00+00:00
0.032,0.032,0.032,0.032,1765695600,,2025-12-14 07:00:00+00:00
0.032,0.032,0.032,0.032,1765699200,,2025-12-14 08:00:00+00:00
0.032,0.032,0.032,0.032,1765702800,,2025-12-14 09:00:00+00:00
0.032,0.032,0.032,0.032,1765706400,,2025-12-14 10:00:00+00:00
0.032,0.032,0.032,0.032,1765710000,,2025-12-14 11:00:00+00:00
0.032,0.032,0.032,0.032,1765713600,,2025-12-14 12:00:00+00:00
0.032,0.032,0.032,0.032,1765717200,,2025-12-14 13:00:00+00:00
0.015,0.032,0.015,0.032,1765720800,,2025-12-14 14:00:00+00:00
0.015,0.015,0.015,0.015,1765724400,,2025-12-14 15:00:00+00:00
0.015,0.015,0.015,0.015,1765728000,,2025-12-14 16:00:00+00:00
0.015,0.015,0.015,0.015,1765731600,,2025-12-14 17:00:00+00:00
0.045,0.045,0.015,0.015,1765735200,,2025-12-14 18:00:00+00:00
0.045,0.045,0.045,0.045,1765738800,,2025-12-14 19:00:00+00:00
0.045,0.045,0.045,0.045,1765742400,,2025-12-14 20:00:00+00:00
0.045,0.045,0.045,0.045,1765746000,,2025-12-14 21:00:00+00:00
0.144,0.144,0.045,0.045,1765749600,,2025-12-14 22:00:00+00:00
0.144,0.144,0.144,0.144,1765753200,,2025-12-14 23:00:00+00:00
0.144,0.144,0.144,0.144,1765756800,,2025-12-15 00:00:00+00:00
0.143,0.144,0.143,0.144,1765760400,,2025-12-15 01:00:00+00:00
0.143,0.143,0.143,0.143,1765764000,,2025-12-15 02:00:00+00:00
0.143,0.143,0.143,0.143,1765767600,,2025-12-15 03:00:00+00:00
0.143,0.143,0.143,0.143,1765771200,,2025-12-15 04:00:00+00:00
0.143,0.143,0.143,0.143,1765774800,,2025-12-15 05:00:00+00:00
0.143,0.143,0.143,0.143,1765778400,,2025-12-15 06:00:00+00:00
0.143,0.143,0.143,0.143,1765782000,,2025-12-15 07:00:00+00:00
0.143,0.143,0.143,0.143,1765785600,,2025-12-15 08:00:00+00:00
0.143,0.143,0.143,0.143,1765789200,,2025-12-15 09:00:00+00:00
0.143,0.143,0.143,0.143,1765792800,,2025-12-15 10:00:00+00:00
0.143,0.143,0.143,0.143,1765796400,,2025-12-15 11:00:00+00:00
0.143,0.143,0.143,0.143,1765800000,,2025-12-15 12:00:00+00:00
0.143,0.143,0.143,0.143,1765803600,,2025-12-15 13:00:00+00:00
0.183,0.183,0.113,0.143,1765807200,,2025-12-15 14:00:00+00:00
0.494,0.494,0.183,0.183,1765810800,,2025-12-15 15:00:00+00:00
1.618,1.632,0.494,0.494,1765814400,,2025-12-15 16:00:00+00:00
1.921,1.921,1.618,1.618,1765818000,,2025-12-15 17:00:00+00:00
2.276,2.276,1.921,1.921,1765821600,,2025-12-15 18:00:00+00:00
2.589,2.589,2.276,2.276,1765825200,,2025-12-15 19:00:00+00:00
2.589,2.59,2.589,2.589,1765828800,,2025-12-15 20:00:00+00:00
2.589,2.589,2.589,2.589,1765832400,,2025-12-15 21:00:00+00:00
2.839,2.839,2.589,2.589,1765836000,,2025-12-15 22:00:00+00:00
2.589,2.839,2.589,2.839,1765839600,,2025-12-15 23:00:00+00:00
2.599,2.599,2.589,2.589,1765843200,,2025-12-16 00:00:00+00:00
2.6,2.601,2.599,2.599,1765846800,,2025-12-16 01:00:00+00:00
2.72,2.72,2.6,2.6,1765850400,,2025-12-16 02:00:00+00:00
2.743,2.766,2.72,2.72,1765854000,,2025-12-16 03:00:00+00:00
2.774,2.774,2.743,2.743,1765857600,,2025-12-16 04:00:00+00:00
2.781,2.781,2.774,2.774,1765861200,,2025-12-16 05:00:00+00:00
2.75,2.782,2.75,2.782,1765864800,,2025-12-16 06:00:00+00:00
2.818,2.818,2.75,2.75,1765868400,,2025-12-16 07:00:00+00:00
4.343,4.343,4.318,4.318,1765872000,,2025-12-16 08:00:00+00:00
5.363,5.363,4.343,4.343,1765875600,,2025-12-16 09:00:00+00:00
5.147,5.401,5.063,5.363,1765879200,,2025-12-16 10:00:00+00:00
6.263,6.323,5.147,5.147,1765882800,,2025-12-16 11:00:00+00:00
6.936,6.936,6.263,6.263,1765886400,,2025-12-16 12:00:00+00:00
5.474,6.969,5.474,6.951,1765890000,,2025-12-16 13:00:00+00:00
5.758,5.758,5.474,5.474,1765893600,,2025-12-16 14:00:00+00:00
5.758,5.798,5.758,5.758,1765897200,,2025-12-16 15:00:00+00:00
4.663,5.958,4.663,5.758,1765900800,,2025-12-16 16:00:00+00:00
4.652,4.663,4.652,4.663,1765904400,,2025-12-16 17:00:00+00:00
4.747,4.852,4.652,4.652,1765908000,,2025-12-16 18:00:00+00:00
4.747,4.747,4.747,4.747,1765911600,,2025-12-16 19:00:00+00:00
4.747,4.747,4.747,4.747,1765915200,,2025-12-16 20:00:00+00:00
4.747,4.747,4.747,4.747,1765918800,,2025-12-16 21:00:00+00:00
4.747,4.747,4.747,4.747,1765922400,,2025-12-16 22:00:00+00:00
4.747,4.747,4.747,4.747,1765926000,,2025-12-16 23:00:00+00:00
4.747,4.747,4.747,4.747,1765929600,,2025-12-17 00:00:00+00:00
4.747,4.747,4.747,4.747,1765933200,,2025-12-17 01:00:00+00:00
4.747,4.747,4.747,4.747,1765936800,,2025-12-17 02:00:00+00:00
4.747,4.747,4.747,4.747,1765940400,,2025-12-17 03:00:00+00:00
4.757,4.757,4.747,4.747,1765944000,,2025-12-17 04:00:00+00:00
4.778,4.984,4.757,4.757,1765947600,,2025-12-17 05:00:00+00:00
4.778,4.778,4.778,4.778,1765951200,,2025-12-17 06:00:00+00:00
4.915,4.915,4.778,4.778,1765954800,,2025-12-17 07:00:00+00:00
5.032,5.032,4.915,4.915,1765958400,,2025-12-17 08:00:00+00:00
5.086,5.086,4.965,5.032,1765962000,,2025-12-17 09:00:00+00:00
5.065,5.136,5.065,5.086,1765965600,,2025-12-17 10:00:00+00:00
5.065,5.065,5.065,5.065,1765969200,,2025-12-17 11:00:00+00:00
4.865,5.065,4.865,5.065,1765972800,,2025-12-17 12:00:00+00:00
4.865,4.865,4.865,4.865,1765976400,,2025-12-17 13:00:00+00:00
4.45,4.87,4.45,4.865,1765980000,,2025-12-17 14:00:00+00:00
1.376,4.45,1.376,4.45,1765983600,,2025-12-17 15:00:00+00:00
1.356,1.376,1.296,1.376,1765987200,,2025-12-17 16:00:00+00:00
1.598,1.598,1.216,1.356,1765990800,,2025-12-17 17:00:00+00:00
2.352,2.352,1.527,1.598,1765994400,,2025-12-17 18:00:00+00:00
5.07,5.093,4.027,4.027,1765998000,,2025-12-17 19:00:00+00:00
5.15,5.15,5.048,5.07,1766001600,,2025-12-17 20:00:00+00:00
4.821,5.165,4.798,5.15,1766005200,,2025-12-17 21:00:00+00:00
4.821,4.821,4.821,4.821,1766008800,,2025-12-17 22:00:00+00:00
5.181,5.22,4.821,4.821,1766012400,,2025-12-17 23:00:00+00:00
4.825,5.181,4.825,5.181,1766016000,,2025-12-18 00:00:00+00:00
4.847,4.847,4.825,4.825,1766019600,,2025-12-18 01:00:00+00:00
1.537,4.847,1.537,4.847,1766023200,,2025-12-18 02:00:00+00:00
1.479,1.537,1.476,1.537,1766026800,,2025-12-18 03:00:00+00:00
1.211,1.414,1.211,1.414,1766030400,,2025-12-18 04:00:00+00:00
1.201,1.212,1.201,1.211,1766034000,,2025-12-18 05:00:00+00:00
1.23,1.23,1.201,1.201,1766037600,,2025-12-18 06:00:00+00:00
1.201,1.23,1.201,1.23,1766041200,,2025-12-18 07:00:00+00:00
1.101,2.202,1.101,1.201,1766044800,,2025-12-18 08:00:00+00:00
1.106,1.106,1.101,1.101,1766048400,,2025-12-18 09:00:00+00:00
1.271,1.271,1.106,1.106,1766052000,,2025-12-18 10:00:00+00:00
1.366,1.366,1.271,1.271,1766055600,,2025-12-18 11:00:00+00:00
1.655,1.655,1.345,1.366,1766059200,,2025-12-18 12:00:00+00:00
1.337,2.145,1.337,1.655,1766062800,,2025-12-18 13:00:00+00:00
0.944,1.337,0.744,1.337,1766066400,,2025-12-18 14:00:00+00:00
0.899,0.944,0.899,0.944,1766070000,,2025-12-18 15:00:00+00:00
0.749,0.899,0.749,0.899,1766073600,,2025-12-18 16:00:00+00:00
6.381,9.171,0.737,0.749,1766077200,,2025-12-18 17:00:00+00:00
7.073,7.073,2.273,6.381,1766080800,,2025-12-18 18:00:00+00:00
13.644,13.644,7.089,7.089,1766084400,,2025-12-18 19:00:00+00:00
15.528,15.528,13.355,13.644,1766088000,,2025-12-18 20:00:00+00:00
12.009,16.662,10.743,15.528,1766091600,,2025-12-18 21:00:00+00:00
11.172,12.019,11.162,12.009,1766095200,,2025-12-18 22:00:00+00:00
11.672,11.675,11.172,11.172,1766098800,,2025-12-18 23:00:00+00:00
15.304,15.959,11.672,11.672,1766102400,,2025-12-19 00:00:00+00:00
19.171,19.253,15.306,15.306,1766106000,,2025-12-19 01:00:00+00:00
15.025,19.41,13.628,19.175,1766109600,,2025-12-19 02:00:00+00:00
2.982,15.251,2.982,15.025,1766113200,,2025-12-19 03:00:00+00:00
2.929,3.375,2.268,2.982,1766116800,,2025-12-19 04:00:00+00:00
2.172,2.929,2.072,2.929,1766120400,,2025-12-19 05:00:00+00:00
2.136,2.177,1.99,2.172,1766124000,,2025-12-19 06:00:00+00:00
1.403,2.272,1.403,2.102,1766127600,,2025-12-19 07:00:00+00:00
1.144,1.724,1.144,1.403,1766131200,,2025-12-19 08:00:00+00:00
1.116,1.173,1.116,1.144,1766134800,,2025-12-19 09:00:00+00:00
0.853,1.116,0.852,1.116,1766138400,,2025-12-19 10:00:00+00:00
0.725,0.853,0.725,0.853,1766142000,,2025-12-19 11:00:00+00:00
